# Fix print output for fix def1
0.00100000000000044 0.0670634538819289 0.00552060846937328 -0.00307177697746141
0.00200000000000036 0.107657377332729 0.00238852817239135 -0.0250398892717714
0.00300000000000045 0.197459624135053 0.0354526100079635 0.0204358807909778
0.00400000000000036 0.262708779008996 -0.0173158831196422 -0.021350225979198
0.00500000000000045 0.341802297904587 0.0314857799570753 0.0370452512289696
0.00600000000000037 0.365374089309426 -0.0573980324130541 -0.0360948771296198
0.00700000000000046 0.475271162025935 0.0410530421222828 0.0188420221919364
0.00800000000000037 0.484749239483321 0.00963903200754965 -0.0313083569692216
0.00900000000000046 0.569498609128887 -0.0312196856201551 0.00779151049610137
0.0100000000000004 0.64690766473335 -0.0239445843599297 0.0318074313726982
0.0110000000000005 0.710559447162579 -0.00616510773892657 -0.0218132053033583
0.0120000000000004 0.807621372248928 0.0199726076833519 0.0167651295700671
0.0130000000000005 0.818155505407826 -0.0277572647531544 0.0112408797819301
0.0140000000000004 0.877620674889397 -0.0362734432602654 0.0416705488549744
0.0150000000000005 0.954160006178052 -0.0145390882606966 0.000437319773394612
0.0160000000000004 1.0582643073585 0.0150473129647472 -0.0128771482638641
0.0170000000000005 1.12117202956483 -0.019670107611621 0.0289572860957481
0.0180000000000004 1.16820950326932 -0.0338841115806672 -0.0163162198610836
0.0190000000000005 1.26198604581939 0.0252154760194321 0.0366317963784412
0.0200000000000004 1.29841754832311 0.011794981793627 -0.0187542939622709
0.0210000000000005 1.37329028393641 0.0114987536096635 0.0319946442051923
0.0220000000000004 1.4231504963976 -0.0064113347179933 -0.020376839746906
0.0230000000000005 1.47318830509402 -0.0093280858012379 -0.0137030598866709
0.0240000000000004 1.55186070366165 0.0194593560140414 0.0108518795278401
0.0250000000000005 1.60994816131893 -0.0372464446432436 -0.0314488164032881
0.0260000000000004 1.70999909670915 0.0474289913492406 0.0194962925564723
0.0270000000000005 1.73718732751443 -0.0170044893975787 -0.0317928236492438
0.0280000000000004 1.81430082934002 0.024162378493976 0.0148926848079032
0.0290000000000005 1.83371052313529 -0.0206940913337298 -0.0302597947833953
0.0300000000000004 1.92960452050335 0.0106993957630388 0.0205382352018554
0.0310000000000005 1.9800821893082 -0.000485563980032373 -0.00585356856452343
0.0320000000000004 2.05022516808986 0.00718515709569086 0.00827219215007516
0.0330000000000005 2.08598676765318 0.00873119679329354 -0.00529772895829112
0.0340000000000005 2.16564635149814 -0.0108431689225456 -0.0111185894661529
0.0350000000000005 2.23182343637539 0.0130529222828434 0.00785479608101351
0.0360000000000005 2.2752373529927 0.0103450243433355 -0.00442115702338798
0.0370000000000005 2.36804536220467 0.0105966427276202 0.0048455679690267
0.0380000000000005 2.43480016173408 0.0242971236407959 0.00957970086742041
0.0390000000000004 2.48176877313164 0.0206993870162986 -0.0333661871849965
0.0400000000000005 2.54431571960539 -0.0114767246697471 -0.0190188800295006
0.0410000000000006 2.58870642068293 -0.000837588799489717 0.0109428888388211
0.0420000000000005 2.63867990969333 -0.0120869935830148 -0.0235709433213988
0.0430000000000004 2.71841560006642 -0.00840467610316191 -0.0193482272113298
0.0440000000000005 2.78231679657564 -0.0231303586863277 -0.00432093093370163
0.0450000000000006 2.8449287415508 -0.0294374043496843 0.012636967239812
0.0460000000000005 2.90688579150642 -0.00511044568050634 0.0285991176266576
0.0470000000000004 2.95019222793116 -0.00805651558293487 0.00500972779348055
0.0480000000000005 3.00476369168762 -0.0130725439956749 -0.0331882801033018
0.0490000000000004 3.08916340200688 0.00542970743529241 0.022244258735519
0.0500000000000005 3.14234574511626 -0.00254333654285365 0.00735856920102464
0.0510000000000004 3.19995596756312 0.0350398090142091 0.00885667215847206
0.0520000000000005 3.25720615390316 0.00961748317228929 0.000937373341042212
0.0530000000000006 3.29410018055642 0.0140397918654561 -0.0258187886913379
0.0540000000000005 3.36651072237884 -0.0460157803483826 -0.0194553879962544
0.0550000000000004 3.4281516897174 -0.0147253270024457 0.0121724411947735
0.0560000000000005 3.4999281959921 0.0248181843538146 0.0130294027427167
0.0570000000000004 3.54582888862608 0.0184949188715032 0.0153923205653928
0.0580000000000005 3.61741607450547 0.0634417064789449 -0.00780472306952473
0.0590000000000004 3.68389015567499 0.020747062890951 0.0129365019978705
0.0600000000000005 3.73992894809273 0.00736687903191063 0.0412220048027905
0.0610000000000004 3.77874064796838 0.0192394461166965 0.00804257969774275
0.0620000000000005 3.82302348901 -0.0148881518893674 -0.0229582629562376
0.0630000000000004 3.90875944468036 0.0057018431405039 0.0128283852445194
0.0640000000000005 3.94026990359961 -0.0326068693718977 -0.0268491038433673
0.0650000000000005 4.03475016673906 0.0208653547639165 0.0492108588581366
0.0660000000000005 4.05545479434568 -0.0326979679352105 -0.0458965025891502
0.0670000000000005 4.13063668165193 0.0474581460376863 0.00655568086775084
0.0680000000000005 4.19909501807205 -0.0030097352391549 -0.00561755178911199
0.0690000000000005 4.22301923807327 -0.00161962526228407 -0.00029364621413378
0.0700000000000006 4.2966384876401 0.0497737899459458 0.0843757102982893
0.0710000000000005 4.31268743502492 -0.0804088577828315 -0.0147495564656958
0.0720000000000006 4.39574580298589 0.0246370676181181 0.0585416084676817
0.0730000000000005 4.42106892383495 -0.0428121167006955 -0.0639062449467392
0.0740000000000006 4.4903641852185 0.051835720250193 -0.00328483924272198
0.0750000000000005 4.56992505480849 0.00877948854686994 0.0146783487815577
0.0760000000000006 4.58499127405211 -0.0580588110240292 -0.0169957475670781
0.0770000000000005 4.69312568584824 0.0418600427648136 0.0668698268114388
0.0780000000000004 4.68060313347096 -0.0593998017506711 -0.0646874080121699
0.0790000000000005 4.81689598826643 0.0381535481594131 0.0611706133512274
0.0800000000000006 4.81533983596007 -0.0485042676654603 0.00386544292270361
0.0810000000000005 4.91908221086279 -0.000915046409513894 -0.0266467735021778
0.0820000000000004 4.96444758545051 0.0308230639094593 0.0153678030801421
0.0830000000000005 4.98641844071029 -0.0514864508743033 -0.0316996592684415
0.0840000000000006 5.08736210782431 0.0541141932519776 0.0331113414276575
0.0850000000000005 5.11096754442015 -0.0327233161389954 -0.0503211582315625
0.0860000000000004 5.21170578200427 0.03284355532496 0.0228147562202987
0.0870000000000005 5.24628314265194 -0.0352973531953359 -0.00362833435265051
0.0880000000000006 5.29923812118312 -0.00309954494607349 0.00412804644862014
0.0890000000000005 5.40358820025626 0.0786276787336316 0.0097776185081188
0.0900000000000004 5.35110969630358 -0.0387928040068099 -0.0441462847030599
0.0910000000000005 5.51191500418719 0.0414269309297903 0.049624631166251
0.0920000000000006 5.48885328734996 -0.0193282910969837 -0.0380498574846106
0.0930000000000005 5.54453653941889 0.0210641667938096 0.0102052981578934
0.0940000000000005 5.655443568886 0.026765659422624 0.0514768074137983
0.0950000000000005 5.67875855834401 -0.027372596318868 -0.0401599583750177
0.0960000000000006 5.7463577890456 0.00505458575232285 0.00837327340243063
0.0970000000000005 5.79693238805473 -0.00641011354739857 -0.00949525977827887
0.0980000000000005 5.85135332906453 0.0325641936835891 0.0366021763003774
0.0990000000000006 5.86595198891384 -0.0257263828690212 -0.0127816433056037
0.1 5.99685818698681 0.00820399620328142 0.0584169139266788
0.101000000000001 5.98521437786641 -0.0141326149270365 -0.00707251647320461
0.102 6.06422304961153 0.0120216117946474 -0.0012129127616514
0.103000000000001 6.10377146890137 0.00752300893186791 -0.0298614623546777
0.104000000000001 6.12692890730164 -0.0536657674446329 -0.0330699047254958
0.105000000000001 6.22577717841089 0.0386475911228759 0.0681429359219111
0.106 6.24777182253624 -0.0601490792080242 -0.0576406901247688
0.107000000000001 6.34028458545388 0.0457962179132605 0.0452415674221251
0.108 6.33101581959487 -0.0249430956047203 -0.0384834374358944
0.109000000000001 6.41651946552619 -0.00576450901476785 0.0133913757416794
0.110000000000001 6.4537683479055 0.0152153918115111 0.0421092012908482
0.111000000000001 6.49692618933251 -0.0355555947357078 -0.0795225958220803
0.112000000000001 6.59875709236753 0.0297981913480521 0.0533191827131244
0.113 6.57018172482238 -0.0792299705139028 -0.0361411442946761
0.114000000000001 6.80524181651472 0.117141234570298 0.104713788313711
0.115000000000001 6.63850142827878 -0.0791776854390552 -0.107516100506049
0.116000000000001 6.82253634274235 0.0933208817242893 0.0455620452524521
0.117 6.75689589011393 -0.0924573898108497 -0.0144263993127154
0.118000000000001 6.90559542971494 -0.000366353662195521 0.145206920820206
0.119000000000001 6.87451225868385 -0.0208448375472805 0.00988489104374088
0.120000000000001 6.94172911882216 -0.0181150359982612 -0.0175071118549101
0.121 7.03052649474236 0.09297525984306 0.0145966593856136
0.122000000000001 7.02254267666142 -0.031902458363648 -0.0561187017639369
0.123000000000001 7.08122967960592 0.0272044321307928 0.0429454372736523
0.124000000000001 7.1153143214603 -0.0640190316729605 -0.0159458440586238
0.125 7.17797272164845 0.00763513431081714 0.0306939239938573
0.126000000000001 7.19673154878657 -0.0256710583696275 -0.00578289332718955
0.127000000000001 7.28435754959383 0.00962302860657738 -0.0315237997463791
0.128000000000001 7.32725983972861 0.0390157540922315 0.0425493262167355
0.129 7.34244643925366 -0.0273518285495377 -0.0198912582010194
0.130000000000001 7.38586313156805 0.0340134822546625 0.0215295541773693
0.131000000000001 7.44049250212132 -0.0545781413398987 -0.0510465898626335
0.132000000000001 7.49488417257964 0.0758156143287778 0.0378613419468142
0.133 7.52666645364651 -0.0634867397205763 -0.0380569057378743
0.134000000000001 7.58171952275171 0.0501722830200505 0.0652086634795958
0.135000000000001 7.61382471293861 0.0105421694182114 -0.071822915698588
0.136000000000001 7.64558239914766 0.00312194030086022 0.0262646827415109
0.137 7.74654203993476 0.0122851216068848 0.0639447470198561
0.138000000000001 7.71232547509171 -0.0472167602805494 -0.0344731654706668
0.139000000000001 7.79614134344254 0.084133305049785 0.0812428919535341
0.140000000000001 7.75909373907428 -0.0527875086290108 -0.0578761086459722
0.141000000000001 7.84409864531162 0.0540398771254696 0.00841791310305335
0.142000000000001 7.84405719098814 -0.000651410400675777 -0.00105759025267155
0.143000000000001 7.84480373608032 -0.00621961780343627 0.0130853538154901
0.144000000000001 7.86158138943844 -0.0167800371251311 -0.00332827710707751
0.145000000000001 7.9555069012577 -0.0420329347773756 0.0455534274933043
0.146000000000001 7.99473596040906 0.0216574356944923 0.00692088708131717
0.147000000000001 7.87988106954654 0.00233301815675513 -0.0167522808093965
0.148000000000001 7.92044355212738 0.0366685780596671 0.0114639478087105
0.149000000000001 7.77739313019954 -0.0432240742158621 -0.0132290369392829
0.150000000000001 7.67151388123924 0.0592705091353324 0.0259648109508378
0.151000000000001 7.4168720184994 -0.0113006814576756 -0.0257066161721407
0.152 7.00481770638981 0.0911629135728115 0.0575780473585613
0.153000000000001 6.29303927697315 -0.0611451656412678 -0.0729931208980341
0.154000000000001 5.66689223060987 0.00514852114470464 0.149744466357997
0.155000000000001 4.67795242924866 -0.102247036918721 -0.0072629978474989
0.156 4.0202357533187 0.0786747452085252 0.0379264239183766
0.157000000000001 3.51168088401335 0.0130232050894498 -0.0590684325292954
0.158000000000001 3.21052307958788 0.00408007013533067 0.0169933873947203
0.159000000000001 2.82677402446285 0.00829564686454724 0.032499593721883
0.16 2.61549104644558 -0.032582921106735 0.0075124663605206
0.161000000000001 2.62856346656177 0.0261652892286494 -0.0369376624447265
0.162000000000001 2.51639244549458 -0.00302486260617393 0.0481511782715125
0.163000000000001 2.40292529842385 -0.0303162152678395 -0.0321243186431254
0.164 2.34020560319863 0.0488855453762808 -0.0227781775916256
0.165000000000001 2.20362569215382 0.067196522634027 -0.0251134247822399
0.166000000000001 2.15096928658169 -0.0562720526428307 0.0449643036627965
0.167000000000001 2.13248854921025 0.0652599356278324 0.0650741924100621
0.168000000000001 1.86365367447701 -0.00441992986553415 -0.00442251009942739
0.169000000000001 1.70171844636791 -0.000338267244331912 -0.034008545758232
0.170000000000001 1.68345823979906 0.0809993801658482 0.0410493891936405
0.171000000000001 1.52297947630265 -0.0793114184663365 -0.0841736404389988
0.172000000000001 1.51515044816672 0.00449407843865777 0.116420563673874
0.173000000000001 1.32570817041427 -0.0249940966118626 -0.0207656215430726
0.174000000000001 1.35202256556927 -0.0217433555339341 0.0700142715250912
0.175000000000001 1.368170249237 0.0153405892932837 0.0711155587457815
0.176000000000001 1.27762148359866 0.0460247823274706 -0.0514934226369916
0.177000000000001 1.30035062647068 0.00274967384761785 -0.0586976718621862
0.178000000000001 1.38105200876339 0.021074788622825 0.0118798231026666
0.179000000000001 1.34453653785649 0.00167841314315441 0.0197641590627537
0.180000000000001 1.27648454413546 0.000868538687163382 -0.042972601048781
0.181000000000001 1.42105913013203 0.0277376183828343 -0.0272669548557408
0.182000000000001 1.29485549493528 -0.0204307027343207 0.0285611579146408
0.183000000000001 1.24023351425525 0.00179845316036673 -0.116505950039158
0.184000000000001 1.34562286097629 0.0822404048536167 0.0341038403310675
0.185000000000001 1.26323498024185 -0.193401481958261 -0.0118488772681224
0.186000000000001 1.28588722196739 -0.0351061318346681 0.121752408799572
0.187000000000001 1.27182904730818 -0.00190880212055229 0.0158517866580061
0.188000000000001 1.22053038360522 -0.00365631863249154 -0.0907570013567551
0.189000000000001 1.30991496738435 0.103179215892687 0.0525228553619612
0.190000000000001 1.30325486644693 -0.0796329508937726 -0.0426696711464804
0.191 1.44663056821561 0.0127992033892442 0.0260987640859025
0.192000000000001 1.34193474710737 -0.0699354573089737 0.0594638169839956
0.193000000000001 1.37523498712285 0.053765822125863 -0.0393434104353061
0.194000000000001 1.33570960577985 0.0549297234089977 0.0132694530016186
0.195 1.35448440608877 -0.0439519115796811 -0.0462149345148631
0.196000000000001 1.42048065270855 0.110367325004615 0.0780790357389635
0.197000000000001 1.31898221326406 -0.109224218245353 -0.0667942327598603
0.198000000000001 1.45576783521116 0.0273700350286 0.0412398003340273
0.199000000000001 1.40857160502924 -0.00294430530885885 0.011589997254842
0.200000000000001 1.35980132605497 -0.0600058937053934 -0.109459673291809
